CA Harbor (Large):
	Poly (Lat,Lon): 32.67163,-117.15004 32.66265,-117.14313 32.67177,-117.13167 32.68055,-117.13993
	Grid Size: 250 m

TRANSDEC Pool:
	Poly (Lat,Lon): 32.703630,-117.250220 32.703250,-117.250220 32.703309,-117.249973 32.703539,-117.249973
	Grid Size: 5 m

Target 1:
	Poly (Lat,Lon): 32.6886751116,-117.235439428 32.6889122556,-117.227850821 32.697133246,-117.228404157 32.7045637566,-117.22397747 32.7087532998,-117.220025071 32.713100939,-117.22476795 32.7065399562,-117.233226084 32.6968170541,-117.236704196

Target 2:
	Poly (Lat,Lon): 32.6715166545543,-117.158262461277 32.6594519664910,-117.152808561194 32.6591214270920,-117.147850470209 32.6531717179101,-117.145371424716 32.6396196025514,-117.137769018539 32.6371405570589,-117.136612130643 32.6354878600640,-117.138595367037 32.6326782751725,-117.137107939741 32.6346615115665,-117.132480388155 32.6268938356901,-117.128183375968 32.6186303507153,-117.126200139575 32.6148291476268,-117.129505533564 32.6120195627354,-117.131158230559 32.6078878202480,-117.127687566870 32.6052435050560,-117.122729475885 32.6047476959575,-117.118267193999 32.6092099778440,-117.115788148506 32.6156554961243,-117.114300721211 32.6196219689123,-117.111656406019 32.6199525083113,-117.107194124132 32.6313561175765,-117.112152215117 32.6392890631524,-117.119754621294 32.6460651208318,-117.120085160693 32.6582950785945,-117.124051633481 32.6692028787613,-117.126695948673 32.6830855335191,-117.136777400342 32.6888699730015,-117.147685200509 32.6837466123171,-117.157270843080 32.6776316334357,-117.150990594499